   1.6467215e+01  -4.9617311e+00   1.0000000e+00
   1.6627426e+01  -4.6019659e+00   1.0000000e+00
   1.6787620e+01  -8.5794577e+00   1.0000000e+00
   1.5485709e+01  -9.3647716e+00   1.0000000e+00
   1.7075734e+01  -5.8313738e+00   1.0000000e+00
   1.6715761e+01  -6.4696865e+00   1.0000000e+00
   1.5796735e+01  -1.9923343e+00   1.0000000e+00
   9.3028561e+00  -1.0211048e+01   1.0000000e+00
   9.7173664e+00  -2.5703946e+00   1.0000000e+00
   1.6012070e+01  -6.9338361e+00   1.0000000e+00
   1.9089336e+01  -4.5700245e+00   1.0000000e+00
   1.0408109e+01  -7.8247537e+00   1.0000000e+00
   1.0975219e+01  -2.2713652e+00   1.0000000e+00
   1.3181104e+01  -8.2544600e+00   1.0000000e+00
   1.3248649e+01  -7.3107360e+00   1.0000000e+00
   1.7271780e+01  -3.6148337e+00   1.0000000e+00
   1.5722681e+01  -3.7880015e+00   1.0000000e+00
   1.4993086e+01  -7.6270059e+00   1.0000000e+00
   1.6395852e+01  -7.2676873e+00   1.0000000e+00
   1.1856682e+01  -7.9793293e+00   1.0000000e+00
   1.7318433e+01  -2.1977573e+00   1.0000000e+00
   9.9242234e+00  -5.3742986e+00   1.0000000e+00
   1.5580956e+01  -6.6748189e+00   1.0000000e+00
   1.7012993e+01  -4.2419054e+00   1.0000000e+00
   1.4442233e+01  -6.5257920e+00   1.0000000e+00
   1.6776789e+01  -2.5684104e+00   1.0000000e+00
   1.6192453e+01  -5.6322309e+00   1.0000000e+00
   1.7463124e+01  -7.5089298e+00   1.0000000e+00
   1.5278532e+01  -1.0292644e+00   1.0000000e+00
   1.4338524e+01  -7.3315689e+00   1.0000000e+00
   2.0339509e+01  -5.6523168e+00   1.0000000e+00
   1.6114561e+01  -7.2184088e+00   1.0000000e+00
   1.5681297e+01  -3.6438467e+00   1.0000000e+00
   1.4885021e+01  -4.0403076e+00   1.0000000e+00
   1.8260957e+01  -8.9077603e+00   1.0000000e+00
   1.5450484e+01  -1.0559346e+01   1.0000000e+00
   1.4952109e+01   4.7329496e-01   1.0000000e+00
   1.7519814e+01  -4.9771519e+00   1.0000000e+00
   1.3920640e+01  -3.4715434e+00   1.0000000e+00
   1.7845481e+01  -4.9162033e+00   1.0000000e+00
   1.9414869e+01  -7.2528524e+00   1.0000000e+00
   9.2520499e+00  -7.0624998e+00   1.0000000e+00
   1.4311502e+01  -6.0063285e+00   1.0000000e+00
   1.2488346e+01  -1.1957255e+00   1.0000000e+00
   1.0325130e+01  -6.3412636e+00   1.0000000e+00
   1.2145328e+01  -6.2914424e+00   1.0000000e+00
   1.2998122e+01  -3.6118981e+00   1.0000000e+00
   1.1943461e+01  -7.2663675e+00   1.0000000e+00
   1.5156688e+01  -1.9081893e+00   1.0000000e+00
   9.6549929e+00   1.0543077e-01   1.0000000e+00
   1.2401127e+01  -3.1354565e+00   1.0000000e+00
   1.7824847e+01  -1.2355176e+00   1.0000000e+00
   1.3416743e+01  -4.8892686e+00   1.0000000e+00
   1.4415414e+01  -6.6615305e+00   1.0000000e+00
   1.5636568e+01  -3.9487287e+00   1.0000000e+00
   1.3881048e+01  -4.5853142e+00   1.0000000e+00
   2.2393565e+01  -4.9789570e+00   1.0000000e+00
   1.6870427e+01  -6.2588975e+00   1.0000000e+00
   1.3387151e+01  -5.9304474e+00   1.0000000e+00
   1.6460414e+01  -7.2125788e+00   1.0000000e+00
   9.6594390e+00  -4.8079635e+00   1.0000000e+00
   1.3644456e+01  -4.1699490e+00   1.0000000e+00
   1.5110203e+01  -2.9064987e+00   1.0000000e+00
   1.7406206e+01  -8.6869857e+00   1.0000000e+00
   1.0583211e+01  -3.5442158e+00   1.0000000e+00
   1.5734135e+01  -7.5997380e+00   1.0000000e+00
   1.8353274e+01  -4.8648021e+00   1.0000000e+00
   1.5219813e+01  -4.1870198e+00   1.0000000e+00
   1.6993823e+01  -6.6892321e-01   1.0000000e+00
   1.4135192e+01  -9.8264675e+00   1.0000000e+00
   1.7723287e+01  -7.5675988e+00   1.0000000e+00
   1.8370936e+01  -6.6160340e+00   1.0000000e+00
   1.9068056e+01  -7.2250666e+00   1.0000000e+00
   1.1742201e+01  -2.2655892e+00   1.0000000e+00
   1.1037623e+01  -3.0430359e+00   1.0000000e+00
   1.6103883e+01  -5.3607152e+00   1.0000000e+00
   1.3911382e+01   8.3140458e-01   1.0000000e+00
   1.3818538e+01  -5.4927556e+00   1.0000000e+00
   1.2231326e+01  -7.2461215e+00   1.0000000e+00
   1.3230340e+01  -1.4839890e-01   1.0000000e+00
   1.3773851e+01  -6.8989784e+00   1.0000000e+00
   1.3611244e+01  -2.9479732e+00   1.0000000e+00
   1.1170745e+01  -3.1934387e+00   1.0000000e+00
   1.1126961e+01  -5.3257767e+00   1.0000000e+00
   9.7327252e+00  -3.4500035e+00   1.0000000e+00
   1.6821370e+01  -6.8919015e+00   1.0000000e+00
   1.5765599e+01  -4.4995604e+00   1.0000000e+00
   1.8133038e+01  -4.5964879e+00   1.0000000e+00
   1.7796414e+01  -5.2861750e+00   1.0000000e+00
   1.3048386e+01  -5.0645214e+00   1.0000000e+00
   1.4311443e+01  -2.4773395e+00   1.0000000e+00
   1.4714243e+01  -7.3242629e+00   1.0000000e+00
   1.4436578e+01  -1.6138922e+00   1.0000000e+00
   1.3704962e+01  -6.8105066e+00   1.0000000e+00
   1.7640372e+01  -4.6728966e+00   1.0000000e+00
   1.3851816e+01  -7.0361580e+00   1.0000000e+00
   1.0709064e+01  -4.5262033e+00   1.0000000e+00
   1.3980348e+01  -4.0604843e+00   1.0000000e+00
   1.0774600e+01  -1.2390591e+00   1.0000000e+00
   1.6242801e+01  -9.3649381e+00   1.0000000e+00
   1.9418172e+01   1.0328419e+01   2.0000000e+00
   1.7559972e+01   7.3351268e+00   2.0000000e+00
   1.9378190e+01   1.3525408e+01   2.0000000e+00
   2.0030191e+01   8.2365649e+00   2.0000000e+00
   1.5925425e+01   9.4046528e+00   2.0000000e+00
   1.6179767e+01   8.6695441e+00   2.0000000e+00
   1.9731044e+01   1.0598928e+01   2.0000000e+00
   1.9196222e+01   1.1875178e+01   2.0000000e+00
   2.2749509e+01   2.6601930e+00   2.0000000e+00
   1.2537828e+01   5.4031498e+00   2.0000000e+00
   1.1921049e+01   6.9941423e+00   2.0000000e+00
   1.6595290e+01   8.7032475e+00   2.0000000e+00
   1.8346697e+01   6.0683998e+00   2.0000000e+00
   1.5253626e+01   1.0230761e+01   2.0000000e+00
   1.6467163e+01   4.1412431e+00   2.0000000e+00
   1.7570657e+01   8.5730123e+00   2.0000000e+00
   1.6385354e+01   9.8654881e+00   2.0000000e+00
   1.8176835e+01   7.3999690e+00   2.0000000e+00
   1.7417781e+01   9.2877106e+00   2.0000000e+00
   1.6299855e+01   5.0309453e+00   2.0000000e+00
   1.7103967e+01   8.3620652e+00   2.0000000e+00
   1.8974794e+01   7.9139996e+00   2.0000000e+00
   1.6254991e+01   9.6763678e+00   2.0000000e+00
   1.7222279e+01   1.0269082e+01   2.0000000e+00
   1.7289025e+01   7.9810426e+00   2.0000000e+00
   1.7283235e+01   5.4070967e+00   2.0000000e+00
   1.4933940e+01   5.2946174e+00   2.0000000e+00
   2.2562781e+01   7.4355678e+00   2.0000000e+00
   2.0187246e+01   8.9809977e+00   2.0000000e+00
   2.2772227e+01   1.0606802e+01   2.0000000e+00
   1.4089939e+01   7.0781476e+00   2.0000000e+00
   2.0050058e+01   8.8094735e+00   2.0000000e+00
   2.3914156e+01   7.8640176e+00   2.0000000e+00
   1.3175923e+01   9.2480483e+00   2.0000000e+00
   1.4976512e+01   8.1378143e+00   2.0000000e+00
   2.0574441e+01   8.8657188e+00   2.0000000e+00
   1.8384609e+01   7.4439246e+00   2.0000000e+00
   1.7129741e+01   7.7087826e+00   2.0000000e+00
   9.6675045e+00   9.1051138e+00   2.0000000e+00
   2.0327444e+01   4.3482153e+00   2.0000000e+00
   1.3260026e+01   9.7457859e+00   2.0000000e+00
   1.3300665e+01   3.2742140e+00   2.0000000e+00
   1.9761224e+01   6.1581027e+00   2.0000000e+00
   2.1043847e+01   4.3633181e+00   2.0000000e+00
   1.5813350e+01   8.6786858e+00   2.0000000e+00
   1.9087101e+01   9.3143025e+00   2.0000000e+00
   1.8080271e+01   7.3522516e+00   2.0000000e+00
   1.5912195e+01   9.3504436e+00   2.0000000e+00
   1.6453414e+01   9.1848415e+00   2.0000000e+00
   2.0601617e+01   1.6708756e+00   2.0000000e+00
   2.2618062e+01   6.2206181e+00   2.0000000e+00
   2.1245148e+01   1.2363715e+01   2.0000000e+00
   1.3409296e+01   8.4965105e+00   2.0000000e+00
   2.7293016e+01   7.3949513e+00   2.0000000e+00
   1.8909680e+01   8.9295968e+00   2.0000000e+00
   2.1108549e+01   1.1066601e+01   2.0000000e+00
   1.4879085e+01   6.7651486e+00   2.0000000e+00
   1.8507216e+01   7.8344421e+00   2.0000000e+00
   2.4673104e+01   9.2327504e+00   2.0000000e+00
   1.8772494e+01   5.6421759e+00   2.0000000e+00
   1.3863366e+01   1.0232843e+01   2.0000000e+00
   1.6986713e+01   9.8249542e+00   2.0000000e+00
   1.5202539e+01   1.0519261e+01   2.0000000e+00
   1.2439921e+01   1.2406171e+01   2.0000000e+00
   1.9923053e+01   8.3086337e+00   2.0000000e+00
   1.4275224e+01   6.8803879e+00   2.0000000e+00
   1.8257046e+01   1.1396523e+01   2.0000000e+00
   1.4634079e+01   1.1642278e+01   2.0000000e+00
   2.5329002e+01   6.6052226e+00   2.0000000e+00
   1.8860401e+01   6.1496222e+00   2.0000000e+00
   1.2711479e+01   1.2135639e+01   2.0000000e+00
   1.9494422e+01   6.5620401e+00   2.0000000e+00
   1.7860644e+01   7.3522454e+00   2.0000000e+00
   1.3429482e+01  -1.0990540e-01   2.0000000e+00
   1.7408123e+01   6.6977247e+00   2.0000000e+00
   1.5919427e+01   5.6188476e+00   2.0000000e+00
   1.2429374e+01   6.5310001e+00   2.0000000e+00
   1.7995815e+01   5.0116349e+00   2.0000000e+00
   1.8808998e+01   7.2313024e+00   2.0000000e+00
   1.7256246e+01   3.9783526e+00   2.0000000e+00
   1.5391207e+01   9.1525514e+00   2.0000000e+00
   1.5319404e+01   8.4534647e+00   2.0000000e+00
   2.3105941e+01   1.0236004e+01   2.0000000e+00
   2.0460002e+01   1.4638874e+01   2.0000000e+00
   2.0848306e+01   9.1176755e+00   2.0000000e+00
   2.3030954e+01   5.4537453e+00   2.0000000e+00
   1.5622615e+01   1.3676644e+01   2.0000000e+00
   1.8819828e+01   7.8802954e+00   2.0000000e+00
   1.8830586e+01   7.2556479e+00   2.0000000e+00
   1.6720241e+01   6.9105950e+00   2.0000000e+00
   1.5983155e+01   5.3438283e+00   2.0000000e+00
   1.7373294e+01   6.3820284e+00   2.0000000e+00
   2.1597918e+01   8.6613325e+00   2.0000000e+00
   2.0415018e+01   7.6053695e+00   2.0000000e+00
   1.7312239e+01   1.1538470e+01   2.0000000e+00
   2.1672971e+01   8.0914137e+00   2.0000000e+00
   2.2302975e+01   9.3370734e+00   2.0000000e+00
   1.8578417e+01   1.4165327e+01   2.0000000e+00
   2.1861882e+01   1.0551067e+01   2.0000000e+00
   1.8673305e+01   6.4841561e+00   2.0000000e+00
   2.6673664e+00   1.5008671e+01   3.0000000e+00
   8.2278031e+00   1.0655031e+01   3.0000000e+00
   9.2183869e+00   2.1477142e+01   3.0000000e+00
   1.6615227e+00   8.7273773e+00   3.0000000e+00
   5.8400523e+00   1.6676863e+01   3.0000000e+00
   5.8145491e+00   1.4095494e+01   3.0000000e+00
   6.0625688e+00   1.1546338e+01   3.0000000e+00
   1.4195917e+00   1.8990564e+01   3.0000000e+00
   6.8674767e+00   1.1200309e+01   3.0000000e+00
   9.0711364e+00   1.0891521e+01   3.0000000e+00
   5.7017218e+00   1.6625269e+01   3.0000000e+00
   3.6791638e+00   1.3558176e+01   3.0000000e+00
   6.1276497e+00   2.0033773e+01   3.0000000e+00
   7.3356231e+00   1.3417962e+01   3.0000000e+00
   5.4102315e+00   1.3752817e+01   3.0000000e+00
   9.7203936e+00   1.3741305e+01   3.0000000e+00
   3.8170317e+00   1.5218229e+01   3.0000000e+00
   5.7780283e+00   1.6772859e+01   3.0000000e+00
   8.7434040e+00   1.7599575e+01   3.0000000e+00
   7.8649172e+00   1.6320818e+01   3.0000000e+00
   1.1398626e+01   1.1277906e+01   3.0000000e+00
   5.0672306e+00   9.7727229e+00   3.0000000e+00
   8.6307248e+00   1.4601887e+01   3.0000000e+00
   5.2021778e+00   9.6997165e+00   3.0000000e+00
   6.5603228e+00   1.3810630e+01   3.0000000e+00
   2.2329674e+00   1.1285174e+01   3.0000000e+00
   3.9006522e+00   1.3837167e+01   3.0000000e+00
   1.4059531e+00   1.4029335e+01   3.0000000e+00
   7.7763528e+00   1.3481647e+01   3.0000000e+00
   4.0805608e+00   1.5396878e+01   3.0000000e+00
   9.1418698e+00   1.3284908e+01   3.0000000e+00
   4.7313236e+00   1.0502034e+01   3.0000000e+00
   3.2937567e+00   1.6245830e+01   3.0000000e+00
   5.7245531e+00   1.6692196e+01   3.0000000e+00
   7.9288581e+00   1.5598477e+01   3.0000000e+00
   8.2010524e+00   1.8827178e+01   3.0000000e+00
   7.6670225e+00   1.5739671e+01   3.0000000e+00
   5.9235141e+00   1.1046554e+01   3.0000000e+00
   4.6237477e+00   1.5458007e+01   3.0000000e+00
   2.9176086e+00   1.5858421e+01   3.0000000e+00
   6.9518698e+00   1.4822697e+01   3.0000000e+00
   6.8922906e+00   1.4608336e+01   3.0000000e+00
   5.9822436e+00   1.4516677e+01   3.0000000e+00
   8.6590513e+00   1.4286909e+01   3.0000000e+00
  -1.3858389e+00   1.3173667e+01   3.0000000e+00
   6.5955943e+00   1.7241226e+01   3.0000000e+00
   9.9274462e+00   1.1892769e+01   3.0000000e+00
   8.1847787e+00   1.5210638e+01   3.0000000e+00
   5.4580878e+00   1.4610912e+01   3.0000000e+00
   5.9652619e+00   1.4936176e+01   3.0000000e+00
   6.7126709e+00   1.2652100e+01   3.0000000e+00
   3.1044722e+00   1.7258230e+01   3.0000000e+00
   5.4260647e+00   1.8520717e+01   3.0000000e+00
   3.4443469e+00   1.2869865e+01   3.0000000e+00
   1.0042651e+01   1.8501226e+01   3.0000000e+00
   3.1494817e+00   1.5122279e+01   3.0000000e+00
   9.8171312e+00   1.8290541e+01   3.0000000e+00
   2.4295954e+00   1.9094164e+01   3.0000000e+00
   7.9056387e+00   1.5180891e+01   3.0000000e+00
   5.4096929e+00   1.1823762e+01   3.0000000e+00
   6.3115947e+00   1.3819069e+01   3.0000000e+00
   1.2543199e+01   1.5075995e+01   3.0000000e+00
   5.5564646e+00   1.4501849e+01   3.0000000e+00
   4.3205200e+00   2.0369746e+01   3.0000000e+00
   7.8363781e+00   1.4752008e+01   3.0000000e+00
   9.2042875e+00   1.4448119e+01   3.0000000e+00
   5.7693025e+00   1.2975420e+01   3.0000000e+00
   4.3127536e+00   1.9055278e+01   3.0000000e+00
   8.2062361e+00   1.4785878e+01   3.0000000e+00
   1.0839028e+01   1.4607802e+01   3.0000000e+00
   6.8602430e+00   1.0546824e+01   3.0000000e+00
   7.3813381e+00   1.0469686e+01   3.0000000e+00
   3.2640382e+00   1.7212129e+01   3.0000000e+00
   7.0323591e+00   1.2087394e+01   3.0000000e+00
   4.9242686e+00   1.5262726e+01   3.0000000e+00
   6.6632687e+00   9.7266538e+00   3.0000000e+00
   2.6522322e+00   9.5537165e+00   3.0000000e+00
   5.8403534e+00   9.6994380e+00   3.0000000e+00
   8.0188356e+00   1.1712711e+01   3.0000000e+00
   2.9316650e+00   1.9578556e+01   3.0000000e+00
   1.2127553e+01   1.2236506e+01   3.0000000e+00
   5.9400597e+00   2.0063679e+01   3.0000000e+00
   4.5243996e+00   1.9373033e+01   3.0000000e+00
   8.3505904e+00   1.4697507e+01   3.0000000e+00
   5.0508687e+00   1.9304518e+01   3.0000000e+00
   8.0446305e+00   1.2761210e+01   3.0000000e+00
   7.1491146e+00   1.2071415e+01   3.0000000e+00
   6.4633048e+00   1.8850827e+01   3.0000000e+00
   7.5404938e+00   1.2404203e+01   3.0000000e+00
   7.0232448e+00   1.2578241e+01   3.0000000e+00
   1.1725068e+01   9.4952412e+00   3.0000000e+00
   4.1889478e+00   1.6711584e+01   3.0000000e+00
   3.7364874e+00   1.4591638e+01   3.0000000e+00
   7.8856408e+00   1.8079500e+01   3.0000000e+00
   3.4362073e+00   1.4063411e+01   3.0000000e+00
   4.7173694e+00   1.4219951e+01   3.0000000e+00
   7.0837368e+00   1.2801013e+01   3.0000000e+00
   8.2951892e+00   1.5741705e+01   3.0000000e+00
   4.7155175e+00   1.5317628e+01   3.0000000e+00
   8.8131369e+00   1.7335146e+01   3.0000000e+00
  -8.5279657e-01  -4.1940491e+00   4.0000000e+00
  -3.4229310e+00   1.2641918e+00   4.0000000e+00
  -4.7299551e+00   9.5628819e+00   4.0000000e+00
  -5.1754682e+00   1.1021881e+01   4.0000000e+00
  -1.5411085e+00   4.9350976e+00   4.0000000e+00
  -6.2727840e+00   4.2333476e+00   4.0000000e+00
  -2.6774129e+00  -1.0404008e+00   4.0000000e+00
  -2.0006441e+00   6.4146272e+00   4.0000000e+00
  -1.4273009e+00   1.1388519e+01   4.0000000e+00
  -4.6417140e+00   2.8699480e+00   4.0000000e+00
  -4.1237771e-01   8.1450895e+00   4.0000000e+00
  -4.1330450e+00   3.9588665e+00   4.0000000e+00
  -3.0306904e+00   2.4501027e+00   4.0000000e+00
  -3.5450108e+00   3.8338074e+00   4.0000000e+00
  -6.0358432e+00   8.3514977e+00   4.0000000e+00
  -3.6455711e+00   9.4293638e+00   4.0000000e+00
  -6.7871607e+00   6.3043491e+00   4.0000000e+00
  -6.6740889e+00   7.3690200e+00   4.0000000e+00
  -5.9599663e-02   8.5077372e+00   4.0000000e+00
  -9.6819883e+00   7.5462845e+00   4.0000000e+00
  -3.7064484e+00   6.5688152e+00   4.0000000e+00
  -5.2709428e+00   9.8384622e-01   4.0000000e+00
  -1.2193246e+00   4.2019710e+00   4.0000000e+00
  -4.6587250e+00   6.1020468e+00   4.0000000e+00
   3.4054613e+00   1.2080910e+01   4.0000000e+00
  -7.4406344e+00   4.2945845e+00   4.0000000e+00
  -9.5322561e-01  -2.0345153e-01   4.0000000e+00
  -2.3122891e-01   4.7415917e+00   4.0000000e+00
   2.0557398e-01   3.1531294e+00   4.0000000e+00
  -6.3260686e+00   1.2139358e+01   4.0000000e+00
  -2.0767384e+00   4.7569855e+00   4.0000000e+00
  -6.6369062e+00   8.7324001e+00   4.0000000e+00
  -2.7685215e+00  -7.4068336e-01   4.0000000e+00
  -6.2720924e+00   1.3983779e+01   4.0000000e+00
  -3.7640508e+00   3.2846762e-03   4.0000000e+00
  -6.2291331e+00   4.4471520e+00   4.0000000e+00
  -1.7769470e+00   5.1705710e+00   4.0000000e+00
  -3.4451920e+00   5.5781906e+00   4.0000000e+00
  -6.4325621e+00   8.9277921e+00   4.0000000e+00
  -4.7585424e+00   4.3247537e+00   4.0000000e+00
  -3.1824008e+00   5.4400951e+00   4.0000000e+00
  -5.1981292e+00   5.9859901e+00   4.0000000e+00
   2.2134388e+00   7.1511738e+00   4.0000000e+00
  -5.5738493e+00   3.1822537e+00   4.0000000e+00
  -4.4030222e+00   1.1948294e+00   4.0000000e+00
   1.4052925e+00   6.2030800e+00   4.0000000e+00
  -7.0038393e+00   5.9677325e+00   4.0000000e+00
  -7.7918861e+00   7.2666986e+00   4.0000000e+00
  -4.2414521e+00   5.7466132e+00   4.0000000e+00
  -2.7130081e+00   8.0301184e+00   4.0000000e+00
  -6.0090174e+00   1.5012923e+00   4.0000000e+00
  -4.0232327e+00   3.3133930e+00   4.0000000e+00
  -2.5353828e+00   4.1079298e-01   4.0000000e+00
  -1.3155879e+00   6.4903835e+00   4.0000000e+00
  -6.8580187e+00   4.7359621e+00   4.0000000e+00
  -1.3738566e+00   1.2454614e+01   4.0000000e+00
  -4.7186418e+00   9.5161947e+00   4.0000000e+00
  -6.1521638e+00   6.2104590e+00   4.0000000e+00
  -4.3146852e+00   6.5856487e+00   4.0000000e+00
  -5.1322492e+00   1.6297328e+00   4.0000000e+00
  -4.4926972e+00   6.8653000e+00   4.0000000e+00
  -5.1548440e+00   5.1098180e+00   4.0000000e+00
  -2.6000374e+00   7.1453987e+00   4.0000000e+00
  -5.7947096e+00   4.8734406e+00   4.0000000e+00
  -1.2817636e+00   6.5589329e+00   4.0000000e+00
  -7.5228811e+00   9.9829361e+00   4.0000000e+00
  -5.4656851e+00   3.6631957e+00   4.0000000e+00
  -7.7358374e+00   5.3200103e+00   4.0000000e+00
  -4.0199014e+00   4.7205572e+00   4.0000000e+00
  -6.0928946e+00   9.5693308e-01   4.0000000e+00
   4.7438415e+00   9.8506266e+00   4.0000000e+00
  -4.7408724e+00   5.3052494e+00   4.0000000e+00
  -2.7212812e+00   5.5942853e+00   4.0000000e+00
  -5.3354977e+00   8.2560768e+00   4.0000000e+00
  -6.9332865e+00   1.1134574e+01   4.0000000e+00
  -8.6913041e+00   4.7188194e+00   4.0000000e+00
  -1.2761547e+00   5.9601525e+00   4.0000000e+00
  -7.9593752e+00   8.2217568e+00   4.0000000e+00
  -3.2717055e+00   3.3365811e+00   4.0000000e+00
  -2.5952238e+00   7.7556684e+00   4.0000000e+00
   2.4143625e+00   5.3645993e+00   4.0000000e+00
  -4.5586164e+00   4.2083006e+00   4.0000000e+00
  -9.1520240e+00   7.0951895e+00   4.0000000e+00
  -9.5104626e+00   4.8693178e+00   4.0000000e+00
  -4.5046756e+00   8.0060095e+00   4.0000000e+00
  -1.1526896e+01   8.2111782e+00   4.0000000e+00
  -5.1917269e+00   1.9909011e+00   4.0000000e+00
  -3.7554755e+00   6.2849031e+00   4.0000000e+00
  -4.9243059e+00   1.4945462e+00   4.0000000e+00
  -3.3702235e-01   6.1835977e+00   4.0000000e+00
  -5.7195468e+00   9.0503405e+00   4.0000000e+00
  -2.6980180e+00   2.0626287e+00   4.0000000e+00
  -1.9837983e+00   5.7741944e-01   4.0000000e+00
  -6.7068860e+00   6.0547585e+00   4.0000000e+00
  -2.5739728e+00   5.8267562e+00   4.0000000e+00
  -9.1689810e+00   7.9316765e+00   4.0000000e+00
  -1.8134771e-01   8.9124241e+00   4.0000000e+00
  -5.3354140e+00   4.5203094e+00   4.0000000e+00
  -6.5932165e+00   6.3323148e+00   4.0000000e+00
  -3.0216667e+00   3.4580896e+00   4.0000000e+00
   5.2001565e+00  -6.4150905e+00   5.0000000e+00
   4.3221391e-01  -1.2339307e+01   5.0000000e+00
   2.7769170e+00  -5.7328591e+00   5.0000000e+00
   2.6774907e+00  -9.4554419e+00   5.0000000e+00
  -3.2911560e-01  -9.0004374e+00   5.0000000e+00
   6.7537750e+00  -8.7305827e+00   5.0000000e+00
   1.1716000e+00  -8.9267774e+00   5.0000000e+00
   4.2871299e+00  -6.4571110e+00   5.0000000e+00
   1.9298358e+00  -3.7798203e+00   5.0000000e+00
   3.6245846e+00  -4.2115028e+00   5.0000000e+00
  -4.2748788e+00  -5.8038954e+00   5.0000000e+00
   4.4433675e+00  -5.4379953e+00   5.0000000e+00
   4.2619984e+00  -4.5523391e-01   5.0000000e+00
   5.2375430e+00  -9.5823762e+00   5.0000000e+00
  -6.1022037e-01  -6.7651967e+00   5.0000000e+00
  -8.2758228e-02  -6.6447099e+00   5.0000000e+00
   5.1799454e+00  -7.9174558e+00   5.0000000e+00
   9.2011646e-01  -7.0629112e+00   5.0000000e+00
   3.6225754e+00  -3.5057459e+00   5.0000000e+00
   1.3045214e+00  -7.3146261e+00   5.0000000e+00
   4.3514009e+00  -4.3878480e+00   5.0000000e+00
   3.0983644e+00   2.7659334e+00   5.0000000e+00
   1.8141738e+00  -5.4625243e+00   5.0000000e+00
   1.4900014e+00  -4.6884773e+00   5.0000000e+00
   2.4805369e-01  -3.5877042e+00   5.0000000e+00
   6.8706617e+00  -6.1826719e+00   5.0000000e+00
   1.5327800e+00  -8.0077590e+00   5.0000000e+00
   3.9272397e-01  -1.1215026e+01   5.0000000e+00
   1.5738662e+00  -8.9020219e+00   5.0000000e+00
   5.2580930e+00  -5.9841894e+00   5.0000000e+00
   1.8795303e+00  -2.4881688e+00   5.0000000e+00
  -3.2702991e+00  -5.4952163e+00   5.0000000e+00
  -1.2511219e+00  -8.2325459e+00   5.0000000e+00
   2.4520437e+00  -3.9140728e+00   5.0000000e+00
  -6.2861135e-01  -4.8664778e+00   5.0000000e+00
   5.8278206e+00  -8.8281415e+00   5.0000000e+00
  -1.0660678e+00  -6.4555192e+00   5.0000000e+00
   3.4886311e+00  -6.4183885e+00   5.0000000e+00
  -5.7151513e-01  -6.0986706e+00   5.0000000e+00
   2.3075225e+00  -7.6732568e+00   5.0000000e+00
  -1.4271929e+00  -5.1978479e+00   5.0000000e+00
   1.7730667e+00  -7.4437650e+00   5.0000000e+00
  -5.0818095e-02  -7.8301310e+00   5.0000000e+00
  -7.1461366e-01  -9.3486183e+00   5.0000000e+00
   5.2849312e+00  -7.1018805e+00   5.0000000e+00
  -3.1391553e+00  -7.7961357e+00   5.0000000e+00
   4.7080882e+00  -7.9365523e+00   5.0000000e+00
   6.7250366e+00  -8.6155649e+00   5.0000000e+00
  -3.9328402e-01  -9.3290388e+00   5.0000000e+00
   4.9991277e+00  -8.0545728e+00   5.0000000e+00
   2.8989565e+00  -1.1059146e+01   5.0000000e+00
   1.1392982e-01  -4.5680406e+00   5.0000000e+00
  -1.8770604e+00  -6.2815961e+00   5.0000000e+00
   3.2677713e+00  -1.4194421e+00   5.0000000e+00
   3.5285126e+00  -3.7593201e+00   5.0000000e+00
   7.2839489e-01  -8.0509469e+00   5.0000000e+00
   1.8838645e+00  -8.9357205e+00   5.0000000e+00
   4.8816458e+00  -4.2400282e+00   5.0000000e+00
   4.4327056e+00  -2.8757417e+00   5.0000000e+00
   1.4213939e+00  -8.0462780e+00   5.0000000e+00
   3.2037133e+00  -3.1818887e+00   5.0000000e+00
   4.1398022e+00  -3.7624911e+00   5.0000000e+00
   5.9620706e+00  -5.5917552e+00   5.0000000e+00
   5.1123836e+00  -6.4559310e+00   5.0000000e+00
   3.9460317e+00  -1.0371193e+01   5.0000000e+00
   6.0632780e+00  -1.1415812e+01   5.0000000e+00
   2.3035499e+00  -7.3965712e+00   5.0000000e+00
  -1.5354826e+00  -5.4778524e+00   5.0000000e+00
   2.6596658e+00  -2.4525620e+00   5.0000000e+00
   2.1100182e+00  -4.7976104e+00   5.0000000e+00
   2.4088528e+00  -2.2937226e+00   5.0000000e+00
   4.9054910e+00  -6.3926364e+00   5.0000000e+00
   2.0747707e+00  -1.4166727e+00   5.0000000e+00
   1.0513041e+00  -4.0088835e+00   5.0000000e+00
  -7.4601374e-01  -8.5661288e+00   5.0000000e+00
   4.1521911e+00  -4.5987804e+00   5.0000000e+00
   4.7016402e+00  -8.2039136e+00   5.0000000e+00
   4.5888220e+00  -5.9389412e+00   5.0000000e+00
   1.5914374e+00  -1.6706663e+00   5.0000000e+00
   5.7677166e+00  -1.2755387e+01   5.0000000e+00
   2.7278753e+00  -8.8145237e+00   5.0000000e+00
   8.8228922e-01  -8.2068877e+00   5.0000000e+00
   6.2950067e+00  -2.9312013e+00   5.0000000e+00
   3.2871195e+00  -4.4437368e+00   5.0000000e+00
   3.0139074e+00  -4.4984079e+00   5.0000000e+00
   2.4319257e+00  -6.9247771e+00   5.0000000e+00
   3.1533376e+00  -7.2944209e+00   5.0000000e+00
   6.1554182e-01  -7.1814403e+00   5.0000000e+00
   1.4770629e+00  -6.4000180e+00   5.0000000e+00
   8.8474937e+00  -9.8638594e+00   5.0000000e+00
  -1.2900790e+00  -5.7303887e+00   5.0000000e+00
   1.5826113e+00  -8.4766814e+00   5.0000000e+00
   2.6448797e+00  -4.3042761e+00   5.0000000e+00
  -1.5206814e+00  -7.5700264e+00   5.0000000e+00
  -1.8981731e+00  -6.1874836e+00   5.0000000e+00
   2.1857962e+00  -4.5023725e+00   5.0000000e+00
  -1.3311999e+00  -5.5856943e+00   5.0000000e+00
   1.3218347e+00  -2.5067326e+00   5.0000000e+00
   2.5879408e+00  -7.9338241e+00   5.0000000e+00
   1.0809555e+00  -7.9311127e+00   5.0000000e+00
