   2.7689883e+00  -3.2327119e+00   1.0000000e+00
   3.0382230e+00  -3.4651493e+00   1.0000000e+00
   1.8201455e+00  -3.7735130e+00   1.0000000e+00
   2.6565645e+00  -3.1331492e+00   1.0000000e+00
   2.9373391e+00  -3.3060051e+00   1.0000000e+00
   2.7511124e+00  -2.9452365e+00   1.0000000e+00
   3.2690627e+00  -3.6152204e+00   1.0000000e+00
   3.0806154e+00  -3.5405435e+00   1.0000000e+00
   2.4312058e+00  -3.7681779e+00   1.0000000e+00
   2.6132908e+00  -3.3465935e+00   1.0000000e+00
   2.7360677e+00  -4.2482732e+00   1.0000000e+00
   2.8906037e+00  -3.4510158e+00   1.0000000e+00
   2.9024598e+00  -3.5238605e+00   1.0000000e+00
   3.3540484e+00  -3.8042049e+00   1.0000000e+00
   2.6040294e+00  -3.7691989e+00   1.0000000e+00
   2.9861212e+00  -3.7175358e+00   1.0000000e+00
   3.2043945e+00  -3.1733704e+00   1.0000000e+00
   2.8370670e+00  -3.0810875e+00   1.0000000e+00
   3.2287815e+00  -3.4134245e+00   1.0000000e+00
   2.9502321e+00  -2.9755872e+00   1.0000000e+00
   3.6714276e+00  -3.3658127e+00   1.0000000e+00
   2.5528217e+00  -4.0512189e+00   1.0000000e+00
   2.7501410e+00  -3.6568044e+00   1.0000000e+00
   2.9230975e+00  -3.6499283e+00   1.0000000e+00
   2.5731025e+00  -3.5031589e+00   1.0000000e+00
   2.7982313e+00  -3.8228436e+00   1.0000000e+00
   3.1445154e+00  -3.4750104e+00   1.0000000e+00
   2.7148858e+00  -3.7657889e+00   1.0000000e+00
   2.7520166e+00  -3.5302607e+00   1.0000000e+00
   2.7730813e+00  -3.7616103e+00   1.0000000e+00
   3.0272208e+00  -3.7194450e+00   1.0000000e+00
   2.6193696e+00  -3.4511093e+00   1.0000000e+00
   2.9241579e+00  -3.0015157e+00   1.0000000e+00
   2.8219000e+00  -3.5357324e+00   1.0000000e+00
   2.8414498e+00  -3.0678714e+00   1.0000000e+00
   2.6621238e+00  -3.1904033e+00   1.0000000e+00
   3.1601275e+00  -4.2212513e+00   1.0000000e+00
   2.6358377e+00  -3.1770132e+00   1.0000000e+00
   3.5265813e+00  -3.5886885e+00   1.0000000e+00
   3.1373871e+00  -3.0976291e+00   1.0000000e+00
   3.1299693e+00  -3.4918294e+00   1.0000000e+00
   2.9992697e+00  -3.5638966e+00   1.0000000e+00
   2.4184185e+00  -3.9059742e+00   1.0000000e+00
   2.5086563e+00  -2.7459382e+00   1.0000000e+00
   2.8156766e+00  -3.1585488e+00   1.0000000e+00
   3.0284220e+00  -3.5446984e+00   1.0000000e+00
   2.8045150e+00  -3.2969228e+00   1.0000000e+00
   2.8800380e+00  -3.5923887e+00   1.0000000e+00
   2.6205866e+00  -3.7904626e+00   1.0000000e+00
   3.2734856e+00  -3.3687923e+00   1.0000000e+00
   2.8890347e+00  -2.9477993e+00   1.0000000e+00
   2.5110895e+00  -3.3123781e+00   1.0000000e+00
   3.0776559e+00  -3.8957335e+00   1.0000000e+00
   3.0799682e+00  -3.1252199e+00   1.0000000e+00
   2.6118358e+00  -3.4614563e+00   1.0000000e+00
   2.6403165e+00  -3.7295444e+00   1.0000000e+00
   2.8596543e+00  -3.3682315e+00   1.0000000e+00
   2.8220286e+00  -2.7805252e+00   1.0000000e+00
   2.7502959e+00  -2.9891811e+00   1.0000000e+00
   2.3343706e+00  -3.0958328e+00   1.0000000e+00
   2.5580817e+00  -3.6592006e+00   1.0000000e+00
   2.9840556e+00  -3.2497533e+00   1.0000000e+00
   2.9789271e+00  -3.2120948e+00   1.0000000e+00
   2.8463771e+00  -3.5994505e+00   1.0000000e+00
   2.8812345e+00  -3.7704873e+00   1.0000000e+00
   3.0222746e+00  -3.6331207e+00   1.0000000e+00
   2.4489087e+00  -3.4215159e+00   1.0000000e+00
   2.7062393e+00  -2.9222905e+00   1.0000000e+00
   2.7019821e+00  -3.2938744e+00   1.0000000e+00
   3.2583402e+00  -4.1706763e+00   1.0000000e+00
   2.5672786e+00  -3.4036620e+00   1.0000000e+00
   3.1651161e+00  -3.3952379e+00   1.0000000e+00
   2.3232495e+00  -3.3597778e+00   1.0000000e+00
   3.3183444e+00  -4.0073779e+00   1.0000000e+00
   2.2307185e+00  -3.5864801e+00   1.0000000e+00
   3.4693216e+00  -3.2105455e+00   1.0000000e+00
   3.2972664e+00  -3.2174644e+00   1.0000000e+00
   2.9756801e+00  -3.4456638e+00   1.0000000e+00
   2.7855264e+00  -3.5769699e+00   1.0000000e+00
   2.0686832e+00  -4.0538296e+00   1.0000000e+00
   3.1446202e+00  -3.1955420e+00   1.0000000e+00
   2.6155067e+00  -3.6603488e+00   1.0000000e+00
   2.6987599e+00  -3.3825795e+00   1.0000000e+00
   2.5069521e+00  -4.0146657e+00   1.0000000e+00
   2.7510317e+00  -3.7218101e+00   1.0000000e+00
   3.0103526e+00  -3.5858587e+00   1.0000000e+00
   3.4253789e+00  -3.4920768e+00   1.0000000e+00
   3.2143528e+00  -3.4937123e+00   1.0000000e+00
   2.7398938e+00  -4.0036357e+00   1.0000000e+00
   2.9916743e+00  -3.6396716e+00   1.0000000e+00
   2.8872131e+00  -3.3122963e+00   1.0000000e+00
   3.2150281e+00  -3.5204902e+00   1.0000000e+00
   2.2856841e+00  -3.9368539e+00   1.0000000e+00
   2.6499818e+00  -3.4936094e+00   1.0000000e+00
   2.6978403e+00  -3.2510370e+00   1.0000000e+00
   3.2298872e+00  -3.3823189e+00   1.0000000e+00
   2.7650411e+00  -3.8506642e+00   1.0000000e+00
   3.0507241e+00  -3.9582579e+00   1.0000000e+00
   3.0627433e+00  -3.3579419e+00   1.0000000e+00
   2.7076176e+00  -3.4714566e+00   1.0000000e+00
   2.9678484e+00   1.7771241e+00   2.0000000e+00
   2.9213889e+00   2.6042368e+00   2.0000000e+00
   3.0669160e+00   2.4668458e+00   2.0000000e+00
   2.3366814e+00   2.3940375e+00   2.0000000e+00
   2.7257623e+00   2.4315883e+00   2.0000000e+00
   2.4893194e+00   2.3451317e+00   2.0000000e+00
   2.5682373e+00   2.1270808e+00   2.0000000e+00
   3.5002952e+00   1.8340225e+00   2.0000000e+00
   2.8484106e+00   1.9542078e+00   2.0000000e+00
   3.3881245e+00   2.4068428e+00   2.0000000e+00
   2.2514169e+00   2.7652658e+00   2.0000000e+00
   2.5139519e+00   1.8873732e+00   2.0000000e+00
   3.0680006e+00   2.6609975e+00   2.0000000e+00
   2.9007037e+00   1.8119428e+00   2.0000000e+00
   2.5593200e+00   2.0936305e+00   2.0000000e+00
   2.4759412e+00   2.7326463e+00   2.0000000e+00
   3.1867048e+00   1.8659338e+00   2.0000000e+00
   2.6886463e+00   1.3656106e+00   2.0000000e+00
   2.7395306e+00   2.4330290e+00   2.0000000e+00
   3.2034973e+00   1.4191604e+00   2.0000000e+00
   3.0603654e+00   1.7341002e+00   2.0000000e+00
   2.4496460e+00   2.6032260e+00   2.0000000e+00
   3.2348798e+00   2.1172374e+00   2.0000000e+00
   3.1082776e+00   2.3260297e+00   2.0000000e+00
   2.6058368e+00   2.6954671e+00   2.0000000e+00
   2.6133693e+00   2.2705403e+00   2.0000000e+00
   3.0115426e+00   2.4295321e+00   2.0000000e+00
   2.8580412e+00   2.2309192e+00   2.0000000e+00
   2.6217304e+00   1.8394120e+00   2.0000000e+00
   3.0460330e+00   2.1351665e+00   2.0000000e+00
   2.4261449e+00   2.5547216e+00   2.0000000e+00
   2.4899878e+00   2.6896415e+00   2.0000000e+00
   2.8799718e+00   1.7971550e+00   2.0000000e+00
   3.0789484e+00   2.1394170e+00   2.0000000e+00
   2.4719268e+00   1.5349597e+00   2.0000000e+00
   3.2738658e+00   2.4667178e+00   2.0000000e+00
   2.4902774e+00   1.9578521e+00   2.0000000e+00
   2.9843363e+00   1.5980526e+00   2.0000000e+00
   3.3467196e+00   3.2631288e+00   2.0000000e+00
   3.0247703e+00   2.4841476e+00   2.0000000e+00
   2.5398379e+00   2.6666510e+00   2.0000000e+00
   3.4339345e+00   2.3370967e+00   2.0000000e+00
   3.1785752e+00   2.9484662e+00   2.0000000e+00
   2.6810756e+00   2.1981783e+00   2.0000000e+00
   2.9425728e+00   2.3414187e+00   2.0000000e+00
   2.8305667e+00   2.2193543e+00   2.0000000e+00
   2.6552464e+00   1.7061729e+00   2.0000000e+00
   2.7286355e+00   1.9538564e+00   2.0000000e+00
   2.4573909e+00   2.1045546e+00   2.0000000e+00
   3.5576713e+00   2.5716423e+00   2.0000000e+00
   1.9511060e+00   2.0856619e+00   2.0000000e+00
   2.5402606e+00   2.3171562e+00   2.0000000e+00
   2.5301190e+00   2.1435538e+00   2.0000000e+00
   2.8621615e+00   1.9194165e+00   2.0000000e+00
   2.8771702e+00   2.6961385e+00   2.0000000e+00
   2.5502607e+00   2.4328652e+00   2.0000000e+00
   2.8421484e+00   2.7674251e+00   2.0000000e+00
   2.9130445e+00   2.0529226e+00   2.0000000e+00
   3.3740147e+00   2.4482414e+00   2.0000000e+00
   2.7818280e+00   2.7070636e+00   2.0000000e+00
   3.4125014e+00   2.0801880e+00   2.0000000e+00
   2.5913856e+00   2.3711865e+00   2.0000000e+00
   2.4683730e+00   2.0500679e+00   2.0000000e+00
   2.2078613e+00   2.2563245e+00   2.0000000e+00
   3.0451718e+00   2.1439901e+00   2.0000000e+00
   2.2567537e+00   2.0287734e+00   2.0000000e+00
   2.8820684e+00   2.8407277e+00   2.0000000e+00
   2.6348659e+00   2.4022969e+00   2.0000000e+00
   2.9029491e+00   2.5946539e+00   2.0000000e+00
   2.8337845e+00   1.7779736e+00   2.0000000e+00
   2.6927780e+00   2.6050706e+00   2.0000000e+00
   3.4741424e+00   1.7060664e+00   2.0000000e+00
   2.8548548e+00   2.0953335e+00   2.0000000e+00
   3.3440832e+00   2.4275965e+00   2.0000000e+00
   2.4663931e+00   2.4290460e+00   2.0000000e+00
   2.9655612e+00   2.2086219e+00   2.0000000e+00
   3.3148177e+00   1.5451486e+00   2.0000000e+00
   3.0125463e+00   1.7075886e+00   2.0000000e+00
   2.7096542e+00   2.1783501e+00   2.0000000e+00
   2.9706837e+00   2.1939327e+00   2.0000000e+00
   2.7982341e+00   2.4426307e+00   2.0000000e+00
   2.3489552e+00   2.6255569e+00   2.0000000e+00
   2.4586707e+00   2.4729848e+00   2.0000000e+00
   3.1447414e+00   2.1985806e+00   2.0000000e+00
   3.1248492e+00   1.9853664e+00   2.0000000e+00
   2.5999405e+00   2.5769720e+00   2.0000000e+00
   2.7058787e+00   2.4003321e+00   2.0000000e+00
   3.3759903e+00   2.7383636e+00   2.0000000e+00
   2.8463915e+00   2.8238550e+00   2.0000000e+00
   2.8770338e+00   2.3849456e+00   2.0000000e+00
   2.8123571e+00   2.2962295e+00   2.0000000e+00
   3.0815502e+00   2.3744541e+00   2.0000000e+00
   2.9464665e+00   1.9432978e+00   2.0000000e+00
   2.3264918e+00   1.9910267e+00   2.0000000e+00
   3.0733962e+00   2.0222504e+00   2.0000000e+00
   2.7105443e+00   1.9847282e+00   2.0000000e+00
   2.7371807e+00   1.7064912e+00   2.0000000e+00
   3.0631696e+00   2.5948611e+00   2.0000000e+00
   2.0343672e+00   2.9082099e+00   2.0000000e+00
   2.5542866e+00   2.6118433e+00   2.0000000e+00
  -2.5764266e+00   3.8136865e+00   3.0000000e+00
  -3.1457570e+00   4.2182425e+00   3.0000000e+00
  -3.3011722e+00   4.4314247e+00   3.0000000e+00
  -3.2589265e+00   3.7632796e+00   3.0000000e+00
  -2.8237030e+00   4.5171615e+00   3.0000000e+00
  -3.3993437e+00   3.4767215e+00   3.0000000e+00
  -2.1406928e+00   3.6423657e+00   3.0000000e+00
  -2.8470745e+00   3.7118956e+00   3.0000000e+00
  -2.3233163e+00   3.7007863e+00   3.0000000e+00
  -2.6681326e+00   4.1476452e+00   3.0000000e+00
  -2.6420917e+00   4.2437435e+00   3.0000000e+00
  -2.4480255e+00   4.0559746e+00   3.0000000e+00
  -2.9527935e+00   4.3898394e+00   3.0000000e+00
  -2.5640386e+00   4.6309407e+00   3.0000000e+00
  -2.5493324e+00   4.2649961e+00   3.0000000e+00
  -2.1868597e+00   3.6214501e+00   3.0000000e+00
  -2.2133942e+00   3.6851848e+00   3.0000000e+00
  -1.8880214e+00   3.7033171e+00   3.0000000e+00
  -2.9104950e+00   3.8550903e+00   3.0000000e+00
  -2.9362422e+00   3.8784618e+00   3.0000000e+00
  -2.6283812e+00   3.7286890e+00   3.0000000e+00
  -2.1238242e+00   3.4107085e+00   3.0000000e+00
  -2.5364553e+00   4.2917671e+00   3.0000000e+00
  -3.3147132e+00   4.1245722e+00   3.0000000e+00
  -2.9170990e+00   4.1956852e+00   3.0000000e+00
  -2.6473074e+00   4.1680526e+00   3.0000000e+00
  -2.7192639e+00   3.8075670e+00   3.0000000e+00
  -1.9128757e+00   4.2032202e+00   3.0000000e+00
  -3.5193468e+00   3.9376436e+00   3.0000000e+00
  -2.6428154e+00   3.5743643e+00   3.0000000e+00
  -2.6193497e+00   3.8145760e+00   3.0000000e+00
  -2.1830179e+00   4.1117021e+00   3.0000000e+00
  -2.5502191e+00   3.9763037e+00   3.0000000e+00
  -2.7567565e+00   3.9879560e+00   3.0000000e+00
  -3.2503041e+00   3.9252042e+00   3.0000000e+00
  -2.3507680e+00   3.6220346e+00   3.0000000e+00
  -2.2041118e+00   4.1984736e+00   3.0000000e+00
  -2.7024597e+00   4.1063923e+00   3.0000000e+00
  -2.5163652e+00   4.4766529e+00   3.0000000e+00
  -2.9762517e+00   3.8599378e+00   3.0000000e+00
  -2.6355684e+00   3.8101348e+00   3.0000000e+00
  -2.5059443e+00   4.0744297e+00   3.0000000e+00
  -1.8527946e+00   4.0240182e+00   3.0000000e+00
  -2.6456816e+00   4.1281872e+00   3.0000000e+00
  -2.3721183e+00   4.4239394e+00   3.0000000e+00
  -2.8822498e+00   4.3025559e+00   3.0000000e+00
  -2.5196341e+00   3.7600953e+00   3.0000000e+00
  -2.2731846e+00   4.1943409e+00   3.0000000e+00
  -1.9524728e+00   4.3816507e+00   3.0000000e+00
  -2.8416485e+00   4.2307063e+00   3.0000000e+00
  -2.6502120e+00   3.7381424e+00   3.0000000e+00
  -2.3334795e+00   4.0795635e+00   3.0000000e+00
  -2.0936996e+00   3.7021411e+00   3.0000000e+00
  -2.9209623e+00   4.1586117e+00   3.0000000e+00
  -2.6550029e+00   3.7114748e+00   3.0000000e+00
  -2.1736848e+00   4.0913347e+00   3.0000000e+00
  -2.5440724e+00   3.5843320e+00   3.0000000e+00
  -2.7631706e+00   4.1115436e+00   3.0000000e+00
  -1.8703463e+00   3.6044202e+00   3.0000000e+00
  -2.8961216e+00   3.9938361e+00   3.0000000e+00
  -2.6464576e+00   4.0819481e+00   3.0000000e+00
  -3.1442893e+00   4.6881930e+00   3.0000000e+00
  -2.9439998e+00   4.5217227e+00   3.0000000e+00
  -2.6403057e+00   4.7352248e+00   3.0000000e+00
  -3.1865943e+00   3.7563885e+00   3.0000000e+00
  -2.9643760e+00   3.9520180e+00   3.0000000e+00
  -2.6330566e+00   4.4637352e+00   3.0000000e+00
  -2.5525595e+00   4.0166085e+00   3.0000000e+00
  -2.5978996e+00   3.4673000e+00   3.0000000e+00
  -2.6491146e+00   4.5903238e+00   3.0000000e+00
  -2.4455840e+00   5.0028334e+00   3.0000000e+00
  -2.3498871e+00   3.7354754e+00   3.0000000e+00
  -2.9446712e+00   4.7177486e+00   3.0000000e+00
  -2.2159585e+00   3.5421975e+00   3.0000000e+00
  -3.4651325e+00   3.6835878e+00   3.0000000e+00
  -2.1263570e+00   3.9581133e+00   3.0000000e+00
  -2.7791516e+00   4.1465654e+00   3.0000000e+00
  -2.9707250e+00   4.4938266e+00   3.0000000e+00
  -2.7019700e+00   4.0965384e+00   3.0000000e+00
  -2.8664310e+00   4.2211744e+00   3.0000000e+00
  -2.2361405e+00   4.0041729e+00   3.0000000e+00
  -3.1386801e+00   3.6989314e+00   3.0000000e+00
  -2.5244512e+00   3.9331846e+00   3.0000000e+00
  -2.1898422e+00   3.6173792e+00   3.0000000e+00
  -2.3645680e+00   4.1256379e+00   3.0000000e+00
  -2.3138105e+00   3.5006959e+00   3.0000000e+00
  -2.9030682e+00   4.3512565e+00   3.0000000e+00
  -2.8891123e+00   4.4743477e+00   3.0000000e+00
  -2.5843606e+00   4.3457732e+00   3.0000000e+00
  -2.0730082e+00   4.1790497e+00   3.0000000e+00
  -2.9383770e+00   3.7163711e+00   3.0000000e+00
  -2.2566054e+00   4.1914252e+00   3.0000000e+00
  -2.8272528e+00   4.1087939e+00   3.0000000e+00
  -3.0199680e+00   4.2612508e+00   3.0000000e+00
  -3.0954109e+00   3.5399444e+00   3.0000000e+00
  -1.8230238e+00   4.4028044e+00   3.0000000e+00
  -1.9243631e+00   4.0009879e+00   3.0000000e+00
  -2.6242388e+00   4.4717855e+00   3.0000000e+00
  -2.7579123e+00   3.6080152e+00   3.0000000e+00
  -2.9957335e+00   4.0049709e+00   3.0000000e+00
  -6.0054039e+00  -8.2887107e-02   4.0000000e+00
  -6.1371517e+00  -1.2657528e+00   4.0000000e+00
  -5.8381801e+00  -4.5650173e-01   4.0000000e+00
  -5.7319665e+00  -1.1495233e+00   4.0000000e+00
  -6.5082715e+00  -3.1536228e-01   4.0000000e+00
  -5.7458331e+00  -1.1445212e-01   4.0000000e+00
  -6.6213540e+00  -3.8358679e-01   4.0000000e+00
  -6.5608947e+00  -6.5310201e-01   4.0000000e+00
  -6.0813464e+00  -6.9519812e-01   4.0000000e+00
  -5.4834677e+00  -4.0422473e-01   4.0000000e+00
  -5.9440424e+00  -4.3210483e-01   4.0000000e+00
  -6.2422281e+00  -1.4311425e+00   4.0000000e+00
  -6.2503260e+00  -1.0298954e+00   4.0000000e+00
  -5.6671897e+00  -8.0380917e-01   4.0000000e+00
  -6.5195503e+00  -1.1855420e+00   4.0000000e+00
  -5.9252946e+00  -7.6778938e-01   4.0000000e+00
  -5.8625077e+00  -9.2810821e-01   4.0000000e+00
  -5.8731926e+00  -2.8813314e-01   4.0000000e+00
  -6.1942464e+00  -2.3894459e-02   4.0000000e+00
  -6.5436262e+00  -8.2043248e-02   4.0000000e+00
  -5.6456464e+00  -4.9615038e-01   4.0000000e+00
  -5.5986309e+00  -7.0122697e-01   4.0000000e+00
  -6.5774378e+00  -4.4053093e-01   4.0000000e+00
  -6.3825090e+00  -8.3516151e-01   4.0000000e+00
  -5.9234287e+00  -6.0438223e-01   4.0000000e+00
  -5.8352496e+00  -2.2582352e-01   4.0000000e+00
  -5.4889197e+00  -6.9745932e-01   4.0000000e+00
  -6.3348785e+00  -3.8687204e-01   4.0000000e+00
  -5.9740481e+00  -8.9388052e-01   4.0000000e+00
  -5.8670539e+00  -8.9401140e-01   4.0000000e+00
  -6.1432207e+00  -4.7295304e-01   4.0000000e+00
  -5.2909295e+00  -7.8554491e-01   4.0000000e+00
  -5.0468824e+00  -1.0749518e+00   4.0000000e+00
  -5.6622793e+00  -1.4424040e+00   4.0000000e+00
  -5.2982906e+00  -1.6976457e-01   4.0000000e+00
  -5.3921871e+00  -7.6250263e-01   4.0000000e+00
  -5.6486490e+00  -5.1076165e-01   4.0000000e+00
  -6.2226598e+00  -2.5950289e-01   4.0000000e+00
  -6.1448389e+00  -8.2151718e-01   4.0000000e+00
  -6.0646104e+00  -5.4554129e-01   4.0000000e+00
  -6.4640073e+00  -9.7311598e-01   4.0000000e+00
  -5.6499606e+00  -9.8823330e-01   4.0000000e+00
  -6.1813461e+00  -8.1873348e-01   4.0000000e+00
  -5.5874411e+00  -4.2600570e-01   4.0000000e+00
  -6.1990057e+00  -7.7239012e-01   4.0000000e+00
  -6.3596220e+00  -7.1700339e-01   4.0000000e+00
  -6.1389352e+00  -1.9548846e-01   4.0000000e+00
  -6.2661038e+00  -1.0254210e+00   4.0000000e+00
  -6.2348296e+00  -1.4374050e+00   4.0000000e+00
  -5.9080493e+00  -2.0995372e-01   4.0000000e+00
  -6.2432658e+00  -1.3023129e+00   4.0000000e+00
  -6.0636698e+00  -3.3808440e-01   4.0000000e+00
  -6.3203276e+00  -7.1114189e-01   4.0000000e+00
  -6.4440502e+00  -8.5831147e-01   4.0000000e+00
  -5.9411696e+00  -6.7420360e-01   4.0000000e+00
  -6.0872476e+00  -5.5826329e-01   4.0000000e+00
  -6.1692059e+00  -5.4446844e-01   4.0000000e+00
  -6.1936080e+00  -5.3623738e-01   4.0000000e+00
  -6.3872483e+00   1.2967644e-01   4.0000000e+00
  -6.4114839e+00  -2.4701612e-01   4.0000000e+00
  -6.2470347e+00  -1.1742845e+00   4.0000000e+00
  -6.3329116e+00  -7.0307440e-01   4.0000000e+00
  -6.0372121e+00  -9.3375586e-01   4.0000000e+00
  -6.4449811e+00   1.9522055e-02   4.0000000e+00
  -5.9239109e+00  -3.8618395e-01   4.0000000e+00
  -6.4793698e+00  -8.8283783e-01   4.0000000e+00
  -6.2930823e+00  -1.8504247e-01   4.0000000e+00
  -6.1886534e+00  -3.4200982e-02   4.0000000e+00
  -6.3234602e+00  -4.9373832e-01   4.0000000e+00
  -5.7263187e+00   1.0420211e-01   4.0000000e+00
  -6.2676259e+00  -5.2497606e-01   4.0000000e+00
  -6.1990181e+00  -5.0200969e-01   4.0000000e+00
  -6.2464230e+00  -5.1837341e-01   4.0000000e+00
  -6.2742197e+00  -7.3379962e-01   4.0000000e+00
  -5.8260322e+00  -8.1701062e-01   4.0000000e+00
  -6.3896824e+00  -4.3281265e-01   4.0000000e+00
  -5.9274003e+00  -1.4178210e+00   4.0000000e+00
  -5.7337157e+00  -4.4887745e-01   4.0000000e+00
  -5.7115356e+00  -5.4794404e-01   4.0000000e+00
  -6.1968954e+00  -7.6341390e-01   4.0000000e+00
  -5.9045404e+00  -9.0104736e-01   4.0000000e+00
  -5.6978206e+00  -2.9670604e-01   4.0000000e+00
  -5.9769269e+00  -4.5988741e-01   4.0000000e+00
  -5.5950798e+00  -8.7199820e-01   4.0000000e+00
  -6.1339744e+00  -6.4597896e-01   4.0000000e+00
  -6.3273608e+00  -8.9844837e-01   4.0000000e+00
  -5.4330735e+00  -2.0320886e-02   4.0000000e+00
  -5.8771307e+00  -9.7324677e-01   4.0000000e+00
  -6.5153211e+00  -1.3749178e-01   4.0000000e+00
  -5.5117051e+00  -5.2671844e-01   4.0000000e+00
  -5.2749524e+00  -4.7367625e-01   4.0000000e+00
  -5.6617029e+00  -4.0661758e-01   4.0000000e+00
  -6.3518221e+00  -1.0271355e+00   4.0000000e+00
  -6.2203970e+00  -7.7697649e-01   4.0000000e+00
  -6.5110852e+00  -7.2604037e-01   4.0000000e+00
  -6.4967956e+00  -7.0623270e-01   4.0000000e+00
  -6.2188807e+00  -5.5380253e-01   4.0000000e+00
  -6.6649702e+00  -1.2131032e+00   4.0000000e+00
  -6.1170995e+00  -7.0470893e-01   4.0000000e+00
  -7.0484045e+00  -9.0393263e-01   4.0000000e+00
  -3.0302694e+00  -4.9613226e+00   5.0000000e+00
  -1.9401358e+00  -4.7034919e+00   5.0000000e+00
  -2.8215159e+00  -5.4346147e+00   5.0000000e+00
  -3.0267605e+00  -5.3345453e+00   5.0000000e+00
  -3.1692822e+00  -5.7170701e+00   5.0000000e+00
  -2.4206968e+00  -4.9590233e+00   5.0000000e+00
  -2.6471884e+00  -5.1321999e+00   5.0000000e+00
  -2.2386224e+00  -5.2724523e+00   5.0000000e+00
  -2.5689828e+00  -4.9199812e+00   5.0000000e+00
  -2.4145267e+00  -5.2031673e+00   5.0000000e+00
  -2.6650875e+00  -5.4173626e+00   5.0000000e+00
  -3.2241318e+00  -5.0649100e+00   5.0000000e+00
  -2.3228244e+00  -5.1607045e+00   5.0000000e+00
  -2.6008192e+00  -5.5209179e+00   5.0000000e+00
  -2.9121523e+00  -5.2063946e+00   5.0000000e+00
  -3.0735660e+00  -5.5779079e+00   5.0000000e+00
  -2.2559030e+00  -5.0806766e+00   5.0000000e+00
  -2.4597552e+00  -5.3006236e+00   5.0000000e+00
  -3.0168500e+00  -5.8891373e+00   5.0000000e+00
  -2.9532235e+00  -5.9096454e+00   5.0000000e+00
  -2.5415201e+00  -5.7208030e+00   5.0000000e+00
  -2.3929752e+00  -5.7504412e+00   5.0000000e+00
  -2.6614686e+00  -5.5307654e+00   5.0000000e+00
  -2.4148874e+00  -4.9832469e+00   5.0000000e+00
  -2.9012453e+00  -5.3295218e+00   5.0000000e+00
  -2.2335123e+00  -5.3990164e+00   5.0000000e+00
  -2.3549135e+00  -5.1652292e+00   5.0000000e+00
  -3.1392648e+00  -5.3718830e+00   5.0000000e+00
  -2.9088865e+00  -4.9550993e+00   5.0000000e+00
  -2.7511360e+00  -4.8721536e+00   5.0000000e+00
  -2.8639199e+00  -5.1640262e+00   5.0000000e+00
  -2.6524115e+00  -5.8880056e+00   5.0000000e+00
  -2.5278360e+00  -5.7638466e+00   5.0000000e+00
  -2.4055369e+00  -5.2192156e+00   5.0000000e+00
  -2.0541039e+00  -5.7741256e+00   5.0000000e+00
  -2.6890204e+00  -5.7035089e+00   5.0000000e+00
  -2.1669063e+00  -5.3553659e+00   5.0000000e+00
  -2.8386553e+00  -5.2205660e+00   5.0000000e+00
  -2.7856502e+00  -4.8490573e+00   5.0000000e+00
  -2.8273802e+00  -5.2950160e+00   5.0000000e+00
  -2.5249620e+00  -5.2037730e+00   5.0000000e+00
  -2.8545105e+00  -5.2740217e+00   5.0000000e+00
  -2.5085752e+00  -5.6798030e+00   5.0000000e+00
  -2.9644131e+00  -5.2960993e+00   5.0000000e+00
  -2.3557076e+00  -5.3502202e+00   5.0000000e+00
  -2.1202593e+00  -4.5740130e+00   5.0000000e+00
  -3.0324875e+00  -4.6674926e+00   5.0000000e+00
  -3.0298342e+00  -5.3545101e+00   5.0000000e+00
  -3.1443508e+00  -4.8740737e+00   5.0000000e+00
  -2.3735941e+00  -4.8334979e+00   5.0000000e+00
  -2.6519881e+00  -5.7488173e+00   5.0000000e+00
  -2.9774908e+00  -5.3140556e+00   5.0000000e+00
  -2.7627369e+00  -4.7493886e+00   5.0000000e+00
  -2.5747382e+00  -5.5758085e+00   5.0000000e+00
  -2.6326314e+00  -5.7390136e+00   5.0000000e+00
  -3.0316659e+00  -5.4185909e+00   5.0000000e+00
  -2.5399509e+00  -5.2991697e+00   5.0000000e+00
  -2.3014542e+00  -4.9429590e+00   5.0000000e+00
  -2.9721487e+00  -5.2053495e+00   5.0000000e+00
  -2.8566188e+00  -5.0160242e+00   5.0000000e+00
  -3.2581037e+00  -5.3314808e+00   5.0000000e+00
  -3.0384908e+00  -4.9252820e+00   5.0000000e+00
  -2.2679153e+00  -5.6464817e+00   5.0000000e+00
  -2.5454653e+00  -5.1351100e+00   5.0000000e+00
  -2.8185363e+00  -5.3086517e+00   5.0000000e+00
  -3.0081792e+00  -5.3079576e+00   5.0000000e+00
  -2.2093232e+00  -5.6410643e+00   5.0000000e+00
  -2.0647480e+00  -5.4359832e+00   5.0000000e+00
  -2.3053769e+00  -5.7508401e+00   5.0000000e+00
  -2.7779212e+00  -5.3351941e+00   5.0000000e+00
  -2.6864836e+00  -5.9757336e+00   5.0000000e+00
  -2.6121001e+00  -4.6204174e+00   5.0000000e+00
  -2.3992892e+00  -4.7316385e+00   5.0000000e+00
  -2.6878566e+00  -5.5645620e+00   5.0000000e+00
  -2.7773668e+00  -5.5642349e+00   5.0000000e+00
  -2.8298125e+00  -5.9669413e+00   5.0000000e+00
  -2.3969327e+00  -4.5390892e+00   5.0000000e+00
  -2.7077593e+00  -5.3461391e+00   5.0000000e+00
  -2.3333261e+00  -5.3037553e+00   5.0000000e+00
  -2.5644093e+00  -5.6167354e+00   5.0000000e+00
  -2.7593551e+00  -5.5292694e+00   5.0000000e+00
  -3.1133718e+00  -4.7957315e+00   5.0000000e+00
  -2.3367836e+00  -5.9936663e+00   5.0000000e+00
  -2.6975891e+00  -5.6787500e+00   5.0000000e+00
  -2.6598532e+00  -5.2794813e+00   5.0000000e+00
  -2.1007431e+00  -5.5591484e+00   5.0000000e+00
  -2.5108523e+00  -5.0043445e+00   5.0000000e+00
  -2.5904284e+00  -5.4617102e+00   5.0000000e+00
  -2.5008283e+00  -4.8917718e+00   5.0000000e+00
  -2.9425848e+00  -5.2018438e+00   5.0000000e+00
  -2.2271229e+00  -5.7366428e+00   5.0000000e+00
  -2.7340755e+00  -5.1154184e+00   5.0000000e+00
  -2.5662044e+00  -5.4602167e+00   5.0000000e+00
  -2.9275027e+00  -5.4334073e+00   5.0000000e+00
  -2.0731210e+00  -5.3130986e+00   5.0000000e+00
  -3.1070468e+00  -5.2104377e+00   5.0000000e+00
  -2.1251517e+00  -5.0464249e+00   5.0000000e+00
  -2.5381853e+00  -5.3720168e+00   5.0000000e+00
  -2.9121347e+00  -4.7379602e+00   5.0000000e+00
  -2.7111911e+00  -5.4528838e+00   5.0000000e+00
